%Good color map

color1 = [ 0 ,   0.4470  ,  0.7410];
color2 = [0.8500  ,  0.3250  ,  0.0980];
color3 = [0.9290 ,   0.6940  ,  0.1250];
color4 = [0.4940  ,  0.1840 ,   0.5560];
color5 = [0.4660 ,   0.6740    ,0.1880];
color6 = [0.3010 ,   0.7450 ,   0.9330];
color7 = [0.6350  ,  0.0780  ,  0.1840];

colorblind = [color1;color2;color3;color4;color5;color6;color7];